0735946395
0736008009
0736035286
0736041405
0736235456
0736425682
07366585987
0736691894
0736814687
0736875808

0736927059
0737317781
0737393059
0737577714
0737715505
0737726668
0737744007
0737786316
0737846953
0737918829

0737921855
0738101253
0738276235
0738345582
0738358709
0738593682
0738637598
0738675876
0738702718
0738781100

0738931219
0738947583
0739003762
0739007070
0739100973
0739116484
0739133024
0739148016
0739196006
0739594639

0739620765
0739711004
0739717324
0739766268
0739811007
0739946894
0740016570
0740099876
0740103400
0740148864

0740163015
0740171918
0740262078
0740306063
0740321729
0740351393
0740400094
0740414638
0740478120
0740504052

0740506753
0740524319
0740553166
0740663570
0740723141
0740744223
0740784948
0740793282
0740816784
0740851191

0740961466
0741010522
0741048154
0741123201
0741151809
0741159853
0741163208
0741197826
0741234535
0741297422

0741298315
0741300765
0741363851
0741414601
0741456233
0741464060
0741468450
0741520418
0741554236
0741624615

0741654601
0741657734
0741659629
0741708237
0741715225
0741729291
0741757986
0741788761
0741811233
0741821248

0741884353
0741885042
0741890874
0741969921
0741982347
0741985998
0742043801
0742069712
0742085960
0742177681

0742209188
0742248652
0742263875
0742283993
0742323477
0742456350
0742463995
0742464248
0742467851
0742474477

0742527713
0742532399
0742580032
0742617615
0742632115
0742654783
0742655182
0742742792
0742784991
0742792985

0742845316
0742845560
0742857013
0742939379
0743023684
0743031147
0743040663
0743040959
0743053222
0743055289

0743098126
0743102722
0743224248
0743253384
0743255391
0743266335
0743267601
0743268699
0743271563
0743278973

0743278982
0743314393
0743325536
0743342391
0743412348
0743422733
0743425440
0743459273
0743474003
0743490240

0743493311
0743509743
0743514885
0743548848
0743548923
0743627037
0743765799
0743849476
0743863579
0743900071

0743905795
0743914066
0743919402
0743938490
0743980522
0745066817
0745073972
0745074644
0745109818
0745120407

0745151607
0745153672
0745242043
0745316329
0745323600
0745390703
0745418640
0745419954
0745440917
0745463665

0745485406
0745491006
