0757378714
0757389676
0757450254
0757460288
0757485498
0757530507
0757548430
0757573169
0757612908
0757615521

0757628187
0757637029
0757643180
0757657267
0757681456
0757708097
0757798227
0757803669
0757826547
0757826705

0757892367
0758057371
0758067760
0758102970
0758125421
0758138284
0758215137
0758240548
0758252452
0758266145

0758294797
0758303577
0758365598
0758451615
0758478143
0758497374
0758506000
0758525664
0758609939
0758625721

0758801484
0758802264
0758851994
0758861566
0758896172
0758926105
0758926331
0758959978
0759001942
0759030711

0759051321
0759097791
0759170681
0759233545
0759248467
0759250341
0759267787
0759275273
0759295594
0759304124

0759374289
0759379474
0759403340
0759425640
0759443929
0759476521
0759532011
0759558573
0759563758
0759677628

0759726781
0759730154
0759761679
0759765949
0759823953
0759839536
0759924486
0759926237
0759979188
0762016757

0762234128
0762375197
0762396116
0762414970
0762462857
0762495062
0762620189
0762804507
0763914951
0764158051

0764251720
0764343537
0765299720
0768034855
0768057110
0768058374
0768076689
0768085881
0768094305
0768110915

0768168853
0768205109
0768257533
0768300576
0768301974
0768302276
0768305552
0768329845
0768333747
0768369073

0768374166
0768426987
0768480001
0768518258
0768520338
0768588820
0768621368
0768631045
0768646544
0768654379

0768673708
0768677353
0768687528
0768694174
0768718571
0768838715
0768857117
0768943043
0768971859
0769006267

0769050347
0769069630
0769132612
0769167767
0769196585
0769198155
0769309985
0769347608
0769413725
0769471521

0769475417
0769492172
0769546299
0769551400
0769572821
0769592091
0769637785
0769679414
0769682766
0769683419

0769690457
0769711202
0769769673
0769802403
0769819380
0769822569
0769857171
0769885122
0769970231
0769989729

0769998763
0775725049
0776554685
0779119372
0780091350
0780093545
0780106435
0780342171
0780504642
0780523181

0780559776
0780667268
0780755711
0780911322
0780983439
0781061110
0781283035
0781395133
0781430746
0781539354

0781724771
0781732584
0781764648
0781844174
0781967344
0781981645
078219684
0782224154
0782251612
0782296267

0782333788
0782367263
