0711627491
0711643018
0711649848
0711670009
0711740221
0711748806
0711773933
0711778862
0711811436
0711826967

0712015057
0712086221
0712200753
0712226048
0712250638
0712276133
0712377272
0712379433
0712394654
0712484915

0712486826
0712498835
0712501830
0712517659
0712540405
0712606833
0712647043
0712752245
0712753285
0712762117

0712790450
0712997730
0713012052
0713084552
0713106073
0713206506
0713233742
0713257469
0713291086
0713339083

0713347209
0713404240
0713484637
0713501757
0713567073
0713608414
0713610232
0713654177
0713660442
0713664045

0713691501
0713692040
0713752928
0713836786
0713851360
0713953150
0713958426
0713969107
0713974996
0714002889

0714029791
0714060387
0714064806
0714105142
0714144635
0714177212
0714226381
0714270919
0714292696
0714302927

0714320283
0714333720
0714346330
0714429499
0714460573
0714483296
0714489545
0714515985
0714567997
0714577083

0714586387
0714637906
0714698343
0714711472
0714809657
0714827647
0714888211
0715028495
0715054423
0715074977

0715109012
0715156579
0715156654
0715168347
0715177670
0715186684
0715209323
0715214480
0715218855
0715230007

0715272864
0715316802
0715317241
0715364361
0715378450
0715427243
0715470745
0715491252
0715546625
0715586815

0715592970
0715595130
0715612430
0715753373
0715809813
0715811338
0715839064
0715914563
0716005153
0716068320

0716098848
0716102997
0716104853
0716110322
0716172945
0716181948
0716199445
0716200716
0716216626
0716217524

0716276127
0716336123
0716354106
0716370769
0716421114
0716545125
0716618233
0716640348
0716750889
0716830168

0716835999
0716882509
0716916742
0717000999
0717194017
0717230787
0717239576
0717447461
0717492209
0717510157

0717585484
0717621759
0717626921
0717634739
0717698444
0717726005
0717783580
0717789031
0717808772
0717838305

0717864721
0717891356
0718025002
0718070725
0718242267
0718293518
0718303526
0718308031
0718310817
0718329763

0718390216
0718412817
0718435120
0718440627
0718485357
0718611157
0718640155
0718682846
0718694007
0718711744

0718747896
0718770248
0718848910
0718858141
0718878715
0718882563
0718890126
0718906689
0718968955
0719188702

0719213113
0719292874
