0116002756
0116030747
0116124696
0116136703
0116169293
0116201884
0116220711
0116297650
0116300130
0116338204

0116347761
0116401678
0116440355
0116446263
0116528420
0116604145
0116647140
0116660671
0116668614
0116734908

0116744158
0116772678
0116801959
0116921169
0116947418
0117001362
0117036604
0117132520
0117138944
0117146461

0117223540
0117265490
0117299879
0117343247
0117439522
0117443185
0117444718
0117463706
0117502589
0117580606

0117610773
0117661550
0117664325
0117679434
0117733322
0117744921
0117754255
0117788925
0117793867
0118016858

0118020769
0118078279
0118085904
0118121245
0118133504
0118148083
0118155356
0118177750
0118197779
0118246301

0118255997
0118266380
0118281739
0118290222
0118300519
0118309609
0118314636
0118370731
0118384232
0118407456

0118451151
0118453949
0118460449
0118473146
0118475252
0118484295
0118488332
0118503883
0118506167
0118514277

0118552421
0118563030
0118563306
0118580827
0118582592
0118605094
0118636280
0118636425
0118652073
0118694334

0118710347
0118714118
0118765925
0118805027
0118833985
0118995712
0119018867
0119027290
0119045927
0119172392

0119195012
0119225245
0119241331
0119249478
0119292117
0119322409
0119343843
0119365733
0119383789
0119385497

0119414517
0119425573
0119539244
0119560221
0119579616
0119669320
0119670803
0119677403
0119679195
0119679220

0119696269
0119701964
0119707988
0119717969
0119732905
0119742840
0119857016
0119859748
0119863573
0119965020

0119990525
0140012687
0140018631
0140031204
0140035682
0140042477
0140044406
0140047725
0140073183
0140099731

0140112043
0140229982
0178070725
0700047336
0700099801
0700160938
0700195519
0700203025
0700241997
0700254185

0700325886
0700330985
0700382536
0700419181
0700490187
0700541886
0700589809
0700608472
0700700339
0700769717

0700784816
0700823225
0700864465
0700869389
0700910527
0700919180
0701031168
0701091814
0701096796
0701113741

0701171372
0701171793
0701257905
0701283880
0701362280
0701497792
0701556732
0701572921
0701615915
0701627850

0701669515
0701677002
0701677479
0701691776
0701728797
0701749664
0701749683
0701776371
0701806131
0701835533

0701846782
0701973897
