0100151847
0100304889
0100349702
0100430744
0100549494
0100863662
0100911163
0100982020
0101011007
0101055766

0101065052
0101093018
0101203592
0101341857
0101406632
0101732459
0101955353
0102028659
0102102890
0102114229

0102125001
0102160489
0102443088
0102491575
0102495813
0102628787
0102680274
0102779850
0102809230
0103193611

0103312569
0103340147
0103689815
0104055134
0104071604
0104147452
0104266498
0104311352
0104629410
0104636983

0104845015
0104886097
0104994080
0105175551
0105325458
0105330671
0105342641
0105375083
0105379473
0105520965

0106027778
0106312569
0106403775
0106412216
0106455487
0106554525
0106716964
0107181493
0107230183
0107257509

0107320127
0107334724
0107548943
0107567947
0107569109
0107615018
0107620399
0107708971
0107969304
0108003513

0108281910
0108600788
0108690166
0108695921
0108822989
0110056942
0110289108
0110290569
0110307717
0110419228

0110434843
0110584040
0110705255
0110722836
0110756053
0110757715
0110760531
0110774317
0110829077
0110843459

0110976424
0110991805
0111223604
0111309515
0111333827
0111456238
0111608939
0111652035
0111659255
0111678230

0111788761
0111797685
0111890210
0111987691
0112030570
0112077899
0112134698
0112179702
0112228365
0112248910

0112305104
0112306710
0112313874
0112483935
0112485227
0112490750
0112496337
0112496545
0112532896
0112555367

0112602135
0112629006
0112683771
0112732810
0112748682
0112762829
0112803625
0112856539
0112943379
0112952409

0113015861
0113031228
0113033504
0113087529
0113097199
0113148682
0113169904
0113223484
0113233999
0113242800

0113262007
0113280104
0113284509
0113314478
0113318245
0113389540
0113501522
0113520251
0113563986
0113591333

0113659345
0113783359
0113821449
0113872420
0113895152
0113928296
0113948348
0114026259
0114084077
0114108742

0114293823
0114321218
0114345759
0114380606
0114401427
0114462639
0114537297
0114564432
0114585860
0114604332

0114696291
0114762549
0114826662
0114833909
0114916139
0115003658
0115028873
0115060716
0115060893
0115061019

0115148964
0115201763
0115228616
0115402206
0115447364
0115581470
0115784291
0115851910
0115861000
0115871166

0115900254
0115949211
