0745505543
0745508903
0745520138
0745522029
0745550587
0745563607
0745575803
0745646845
0745747968
0745761440

0745762049
0745762780
0745774486
0745780636
0745822061
0745839515
0745842903
0745864863
0745952167
0745988106

0746003831
0746048162
0746096015
0746096422
0746129607
0746148816
0746169931
0746273529
0746285897
0746306865

0746341648
0746416600
0746491292
0746526806
0746588353
0746588632
0746626120
0746638937
0746649866
0746651468

0746734984
0746751394
0746757123
0746814407
0746816748
0746840473
0746847616
0746850212
0746887339
0746893898

0746899378
0746909550
0746964751
0746977421
0748002816
0748021201
0748136825
0748179444
0748191424
0748300394

0748387734
0748395728
0748429955
0748469347
0748475670
0748493227
0748520507
0748537767
0748552698
0748559772

0748562408
0748583192
0748612016
0748619491
0748619772
0748642746
0748672071
0748694346
0748733298
0748786037

0748826363
0748851561
0748863572
0748940124
0748960324
0748979038
0750054727
0750193245
0750241851
0750516176

0750549180
0750665258
0750682355
0750699884
0750727803
0750866293
0751032823
0751053575
0751112960
0751196233

0751303658
0751382087
0751428679
0751583389
0751617996
0751653075
0751718849
0751808830
0751921252
0752038132

0752078216
0752193379
0752467409
0752481828
0752648806
0752658825
0752706262
0752706718
0752713083
0752803787

0753008772
0753101592
0753191527
0753202501
0753263054
0753295029
0753307104
0753324776
0753415585
0753431739

0753584659
0753609272
0753618028
0753683985
0753935382
0753935604
0754002682
0754043922
0754049989
0754274583

0754280741
0754419867
0754496366
0754581383
0754594112
0754698836
0754721538
0754801474
0754941500
0755127851

0755132584
0755134929
0755248077
0755346464
0755354257
0755394607
0755526290
0755581840
0755633432
0755657099

0755710424
0755773688
0756014257
0756015773
0756075300
0756113264
0756190129
0756263393
0756419284
0756447184

0756483143
0756492551
0756538896
0756551345
0756562570
0756691173
0756733791
0756795783
0756809981
0756981480

0757075331
0757077521
0757086810
0757151250
0757168018
0757175446
0757185351
0757258037
0757271973
0757309696

0757327746
0757367828
