0701995436
0702000155
0702002710
0702034258
0702077723
0702138285
0702177540
0702180898
0702184348
0702203419

0702256447
0702298923
0702309135
0702335143
0702365748
0702369656
0702406507
0702456521
0702661564
0702715334

0702758818
0702761030
0702766975
0702806680
0702819869
0702943209
0703153665
0703162738
0703165219
0703168722

0703198795
0703218239
0703220246
0703236179
0703280107
0703326157
0703398072
0703400108
0703435458
0703486057

0703525741
0703624143
0703774036
0703777228
0703779950
0703920543
0704041075
0704052086
0704119202
0704189399

0704229133
0704288740
0704348392
0704360772
0704391563
0704500172
0704558687
0704592319
0704621638
0704627554

0704628681
0704692637
0704705887
0704779598
0704824989
0704828154
0704864342
0704895394
0704895901
0704904123

0704926276
0704958682
0704961158
0704967175
0705015560
0705021849
0705034391
0705045027
0705092076
0705125455

0705201207
0705244998
0705256511
0705275572
0705377896
0705431208
0705537017
0705789327
0705791093
0705836969

0705870819
0705879618
0705900521
0705964632
0706010785
0706021135
0706083897
0706099879
0706125540
0706167093

0706205614
0706279084
0706300716
0706343474
0706355693
0706374620
0706479042
0706479100
0706547011
0706565254

0706634822
0706681007
0706697125
0706704784
0706714177
0706727682
0706768323
0706776478
0706816186
0706841332

0706842088
0706914746
0706920813
0707121284
0707308252
0707341047
0707436826
0707451713
0707496110
0707522226

0707561239
0707580126
0707616345
0707656525
0707662471
0707739913
0707740106
0707767146
0707851732
0707901891

0707968646
0708078930
0708141538
0708145577
0708250913
0708261288
0708268962
0708317260
0708365014
0708365720

0708370206
0708425593
0708478173
0708504660
0708505643
0708526803
0708541324
0708554083
0708571166
0708602240

0708639917
0708673230
0708782323
0708831904
0708854601
0708939804
0708957894
0708960807
0708960962
0708990944

0710102208
0710139350
0710146210
0710232674
0710377682
0710390557
0710391776
0710402438
0710554600
0710556435

0710589046
0710621956
0710683279
0710701886
0710977530
0711122683
0711140945
0711200293
0711337321
0711383520

0711473871
0711485544
