0719303737
0719433310
0719529141
0719546449
0719650768
0719661045
0719666911
0719804936
0719809757
0720231208

0720276394
0720331791
0720415219
0720448518
0720481201
0720512746
0720594299
0720879715
0720975453
0721282496

0721319213
0721363091
0721464355
0721528634
0721709272
0721835852
0722239151
0722419802
0722570077
0722673707

0722713233
0722713235
0722843489
0722962739
0723111533
0723429511
0723515936
0723594012
0723644333
0723740341

0723763684
0723838552
0723872896
0723906090
0724004259
0724069940
0724071121
0724071675
0724083112
0724114108

0724129088
0724261468
0724432299
0724481820
0724489489
0724528226
0724710291
0724831736
0724864697
0724883058

0724907262
0724928722
0725113831
0725161480
0725171917
0725237064
0725257461
0725301125
0725587182
0725681280

0725695742
0725714532
0725849781
0725943032
0726061542
0726151720
0726273142
0726333232
0726365492
0726393041

0726444550
0726467913
0726498535
0726532863
0726687283
0726714631
0726824107
0726833597
0726840663
0726866499

0726956934
0727009835
0727254662
0727319525
0727351456
0727383970
0727526595
0727694949
0727707690
0727719251

0727741506
0727803405
0727878156
0727902874
0727939470
0728019665
0728048368
0728217787
0728261848
0728286184

0728313224
0728356777
0728393791
0728469605
0728512049
0728547734
0728579410
0728608148
0728755909
0728805182

0728819763
0728853304
0728989918
0729105723
0729253482
0729292667
0729397948
0729399885
0729406171
0729604593

0729627337
0729677559
0729689581
0729701685
0729757868
0729808690
0729866708
0729945875
0729953278
0731026039

0731029122
0731091564
0731133045
0731141123
0731202744
0731322267
0731384949
0731512928
0731540627
0731675625

0731762974
0731845529
0731876135
0731958704
0732058262
0732075853
0732228573
0732299325
0732546380
0732652122

0732749495
0732796701
0732887570
0732898290
0732962754
0733373706
0733521867
0733727181
0733813595
0734084489

0734131285
0734197061
0734213913
0734268356
0734430206
0734456714
0734529359
0734656625
0734684773
0734775563

0734841920
0734846118
0734903322
0734937311
0734938519
0735037778
0735237856
0735256754
0735283681
0735538843

0735558293
0735672538
