0782469443
0782487799
0782500233
0782654811
0782736110
0782744975
0782814798
0782867738
0782882850
0782945483

0782947160
0783147988
0783250668
0783329688
0783339300
0783377864
0783471428
0783581144
0783702151
0783704234

0783756937
0783794434
0783844362
0784018700
0784105849
0784131448
0784380100
0784471462
0784499166
0784536047

0784551643
0784607435
0784896756
0785217038
0785453140
0785487128
0785560196
0785562971
0785808786
0785931683

0786009688
0786101594
0786355248
0786358415
0786359373
0786459971
0786550937
0786575513
0786637261
0786639614

0786707234
0786725675
0786934686
0786958446
0787209746
0787243775
0787306411
0787509501
0787544756
0787566842

0787738402
0787765262
0787784750
0788085783
0788219396
0788228504
0788332175
0788397327
0788488101
0788519140

0788783015
0788956576
0788964086
0789061793
0789095611
0789201308
0789292596
0789293659
0789316785
0789318057

0789526303
0789604304
0789727283
0789786061
0789899419
0790037144
0790053563
0790096894
0790115557
0790125427

0790128881
0790154948
0790220490
0790254767
0790306481
0790323577
0790397110
0790417964
0790487848
0790534248

0790537661
0790566772
0790600445
0790608706
0790616333
0790646108
0790702529
0790733509
0790800430
0790804172

0790846761
0790862861
0790875499
0790891410
0790939542
0790942823
0790944621
0790950205
0790965956
0790975180

0791026227
0791036675
0791073750
0791168329
0791206429
0791208570
0791223655
0791251718
0791294811
0791300850

0791339851
0791341393
0791360777
0791363489
0791371074
0791396133
0791405152
0791415654
0791534529
0791582269

0791625413
0791636033
0791653308
0791683740
0791708433
0791722724
0791753593
0791779406
0791807845
0791845536

0791854437
0791984572
0792072523
0792076020
0792120054
0792126351
0792150419
0792181732
0792182295
0792210990

0792266973
0792284316
0792295549
0792341517
0792354744
0792404274
0792410567
0792469103
0792543330
0792592704

0792625441
0792670765
0792720987
0792728200
0792743583
0792745988
0792758749
0792760942
0792767399
0792815633

0792821085
0792828542
0792877609
0792923183
0792951682
0793038409
0793311840
0793548822
0793560327
0793579515

0793587721
0793599566
