0793624342
0793634632
0793660550
0793677897
0793682528
0793695494
0793709873
0793765373
0793785580
0793793295

0793829610
0793890715
0793893381
0793905233
0793927627
0793930789
0793981319
0793983388
0794046869
0794075535

0794093562
0794135775
0794139487
0794191889
0794192642
0794200176
0794205819
0794213398
0794259190
0794352301

0794354403
0794362327
0794554851
0794573980
0794583860
0794601343
0794627289
0794645889
0794655147
0794709160

0794727348
0794739290
0794763386
0794791277
0794820768
0794864882
0794868613
0794888548
0794928910
0794998257

0795088681
0795140941
0795290262
0795400252
0795412532
0795417804
0795427605
0795427685
0795432705
0795433412

0795443557
0795482601
0795538806
0795541288
0795592687
0795604708
0795618500
0795768770
0795787531
0795830132

0795834655
0795847067
0795880095
0795897524
0795929700
0796085497
0796113066
0796133441
0796158663
0796201230

0796211105
0796371511
0796389803
0796439160
0796462793
0796484796
0796552370
0796579712
0796596988
0796610288

0796674481
0796698653
0796718112
0796791182
0796823005
0796909625
0796942610
0796948576
0796972733
0796985865

0797117149
0797154245
0797170464
0797173555
0797231449
0797249704
0797263839
0797276155
0797277887
0797284202

0797294003
0797295534
0797295825
0797436098
0797580440
0797593671
0797666943
0797678610
0797789687
0797798131

0797815000
0797894192
0797962090
0798157545
0798170616
0798246251
0798272647
0798322819
0798325905
0798343695

0798380586
0798411006
0798427016
0798562102
0798582365
0798597766
0798601740
0798612022
0798639360
0798677962

0798697901
0798882575
0798885928
0798931338
0798982573
0799015109
0799059385
0799106344
0799113558
0799115250

0799152024
0799191263
0799210413
0799215319
0799226945
0799252368
0799271101
0799326377
0799332724
0799346535

0799371251
0799393432
0799408935
0799416945
0799429343
0799459215
0799473328
0799491113
0799492517
0799494102

0799503766
0799563410
0799572832
0799679539
0799766299
0799811630
0799868835
0799877915
0799901859
0799926130

0799958139
0799972197
0799991890
0799999479
0000000000
711972787
